
## METRICS CLASS	org.broadinstitute.dropseqrna.readtrimming.PolyATrimmer$TrimMetric
mean	stdev
25.850267	13.212943

## HISTOGRAM	java.lang.Integer
BIN	VALUE
0	147360
1	102662
2	74902
3	47843
4	87759
5	198963
6	84295
7	136348
8	82742
9	105393
10	126795
11	100446
12	177891
13	128430
14	190458
15	147057
16	166567
17	143456
18	211097
19	150807
20	138647
21	145355
22	90065
23	142045
24	108205
25	114663
26	192541
27	151352
28	172963
29	163522
30	144481
31	121232
32	122548
33	165287
34	140182
35	228718
36	163156
37	310938
38	210460
39	360417
40	309717
41	127834
42	140753
43	201409
44	577803

